GCBC_hypo	2.76 2.76 2.76 2.76 2.75 2.75 2.75 2.75 2.75 2.75 2.75 2.74 2.74 2.74 2.74 2.74 2.74 2.74 2.74 2.73 2.73 2.73 2.73 2.73 2.73 2.73 2.73 2.73 2.73 2.73 2.73 2.73 2.73 2.73 2.73 2.73 2.73 2.73 2.73 2.73 2.74 2.74 2.74 2.75 2.75 2.75 2.75 2.75 2.75 2.74 2.74 2.75 2.75 2.75 2.75 2.75 2.74 2.74 2.74 2.73 2.73 2.73 2.72 2.72 2.72 2.72 2.72 2.72 2.72 2.72 2.72 2.72 2.72 2.72 2.72 2.72 2.72 2.73 2.73 2.73 2.73 2.73 2.73 2.73 2.73 2.73 2.74 2.74 2.74 2.74 2.74 2.74 2.74 2.74 2.74 2.74 2.74 2.74 2.74 2.75 
GCBC_rand	2.21 2.21 2.21 2.21 2.21 2.21 2.21 2.21 2.21 2.21 2.21 2.21 2.21 2.21 2.21 2.20 2.20 2.20 2.20 2.20 2.20 2.20 2.20 2.20 2.20 2.20 2.20 2.20 2.20 2.20 2.20 2.20 2.20 2.20 2.20 2.20 2.20 2.20 2.20 2.20 2.21 2.21 2.21 2.22 2.22 2.22 2.22 2.22 2.22 2.21 2.22 2.22 2.22 2.22 2.22 2.22 2.22 2.21 2.21 2.21 2.21 2.20 2.20 2.20 2.20 2.20 2.20 2.20 2.20 2.20 2.20 2.20 2.20 2.20 2.20 2.20 2.20 2.20 2.20 2.20 2.20 2.20 2.20 2.20 2.20 2.20 2.20 2.20 2.21 2.21 2.21 2.21 2.21 2.21 2.21 2.21 2.21 2.21 2.21 2.21 
MBC_hypo	3.09 3.08 3.08 3.08 3.07 3.07 3.07 3.06 3.06 3.06 3.06 3.05 3.05 3.05 3.05 3.05 3.05 3.05 3.04 3.05 3.04 3.04 3.04 3.04 3.04 3.04 3.04 3.04 3.04 3.04 3.05 3.05 3.05 3.06 3.06 3.07 3.07 3.08 3.08 3.09 3.09 3.10 3.10 3.10 3.11 3.11 3.12 3.12 3.12 3.12 3.12 3.12 3.12 3.12 3.11 3.11 3.10 3.10 3.09 3.09 3.08 3.07 3.07 3.06 3.06 3.05 3.05 3.04 3.04 3.04 3.03 3.03 3.03 3.03 3.03 3.03 3.03 3.03 3.03 3.03 3.03 3.03 3.03 3.03 3.03 3.03 3.03 3.04 3.04 3.04 3.04 3.04 3.05 3.05 3.05 3.05 3.06 3.06 3.06 3.07 
MBC_rand	2.66 2.66 2.67 2.67 2.67 2.67 2.67 2.67 2.67 2.68 2.68 2.68 2.68 2.68 2.69 2.69 2.69 2.69 2.70 2.70 2.70 2.71 2.71 2.71 2.72 2.72 2.72 2.73 2.73 2.74 2.74 2.75 2.75 2.76 2.77 2.78 2.79 2.79 2.80 2.81 2.82 2.82 2.83 2.84 2.84 2.84 2.85 2.85 2.85 2.85 2.85 2.85 2.85 2.85 2.84 2.84 2.84 2.83 2.83 2.82 2.81 2.80 2.79 2.78 2.78 2.77 2.76 2.75 2.75 2.74 2.73 2.73 2.72 2.72 2.71 2.71 2.71 2.70 2.70 2.69 2.69 2.69 2.68 2.68 2.68 2.68 2.67 2.67 2.67 2.67 2.67 2.67 2.66 2.66 2.66 2.66 2.66 2.66 2.66 2.66 
mCLL_hypo	3.39 3.38 3.37 3.36 3.35 3.34 3.34 3.33 3.32 3.31 3.31 3.30 3.29 3.29 3.28 3.28 3.27 3.27 3.26 3.26 3.26 3.26 3.26 3.26 3.26 3.26 3.26 3.26 3.26 3.27 3.27 3.28 3.29 3.29 3.30 3.31 3.32 3.33 3.34 3.35 3.35 3.36 3.37 3.38 3.38 3.39 3.39 3.39 3.39 3.39 3.39 3.39 3.39 3.39 3.38 3.38 3.37 3.36 3.36 3.35 3.34 3.33 3.32 3.31 3.30 3.29 3.28 3.27 3.27 3.26 3.25 3.25 3.24 3.24 3.24 3.24 3.24 3.24 3.24 3.24 3.24 3.24 3.25 3.25 3.26 3.26 3.27 3.27 3.28 3.28 3.29 3.30 3.31 3.31 3.32 3.33 3.34 3.34 3.35 3.36 
mCLL_rand	3.25 3.25 3.25 3.25 3.25 3.25 3.26 3.26 3.26 3.27 3.27 3.28 3.28 3.29 3.29 3.30 3.31 3.32 3.32 3.33 3.34 3.36 3.37 3.38 3.40 3.41 3.42 3.44 3.46 3.48 3.49 3.51 3.54 3.56 3.58 3.60 3.62 3.64 3.66 3.68 3.70 3.72 3.74 3.75 3.76 3.77 3.78 3.79 3.79 3.80 3.79 3.79 3.79 3.78 3.77 3.76 3.75 3.74 3.72 3.70 3.68 3.66 3.64 3.62 3.60 3.58 3.56 3.53 3.51 3.49 3.47 3.46 3.44 3.42 3.40 3.39 3.37 3.36 3.35 3.34 3.33 3.32 3.31 3.30 3.29 3.28 3.28 3.27 3.27 3.26 3.26 3.25 3.25 3.25 3.24 3.24 3.24 3.24 3.24 3.23 
NBC_hypo	2.40 2.40 2.40 2.40 2.39 2.39 2.39 2.39 2.39 2.39 2.39 2.39 2.38 2.38 2.38 2.38 2.38 2.38 2.38 2.38 2.38 2.38 2.38 2.38 2.38 2.38 2.39 2.39 2.39 2.39 2.39 2.40 2.40 2.41 2.41 2.41 2.42 2.42 2.43 2.43 2.44 2.44 2.45 2.45 2.45 2.46 2.46 2.46 2.46 2.46 2.46 2.46 2.46 2.45 2.45 2.45 2.44 2.44 2.43 2.43 2.42 2.42 2.41 2.41 2.40 2.40 2.39 2.39 2.39 2.38 2.38 2.38 2.37 2.37 2.37 2.37 2.37 2.37 2.37 2.37 2.37 2.37 2.37 2.37 2.37 2.37 2.37 2.37 2.37 2.37 2.37 2.37 2.37 2.37 2.37 2.37 2.38 2.38 2.38 2.38 
NBC_rand	2.09 2.09 2.09 2.09 2.09 2.09 2.09 2.09 2.09 2.09 2.09 2.09 2.09 2.09 2.10 2.10 2.10 2.10 2.10 2.10 2.11 2.11 2.11 2.11 2.12 2.12 2.12 2.12 2.13 2.13 2.14 2.14 2.15 2.15 2.16 2.17 2.17 2.18 2.19 2.19 2.20 2.21 2.21 2.22 2.22 2.22 2.23 2.23 2.23 2.23 2.23 2.23 2.23 2.23 2.22 2.22 2.22 2.21 2.21 2.20 2.19 2.19 2.18 2.17 2.17 2.16 2.15 2.15 2.14 2.14 2.13 2.13 2.12 2.12 2.12 2.11 2.11 2.11 2.10 2.10 2.10 2.10 2.09 2.09 2.09 2.09 2.09 2.09 2.09 2.08 2.08 2.08 2.08 2.08 2.08 2.08 2.08 2.08 2.08 2.08 
PBC_hypo	2.31 2.31 2.30 2.30 2.30 2.30 2.29 2.29 2.29 2.29 2.29 2.28 2.28 2.28 2.28 2.28 2.28 2.28 2.28 2.27 2.27 2.27 2.27 2.27 2.28 2.28 2.28 2.28 2.28 2.28 2.28 2.28 2.29 2.29 2.30 2.30 2.31 2.31 2.31 2.32 2.32 2.33 2.33 2.34 2.34 2.34 2.34 2.35 2.35 2.34 2.34 2.34 2.34 2.34 2.33 2.33 2.33 2.32 2.32 2.31 2.31 2.30 2.30 2.29 2.29 2.28 2.28 2.27 2.27 2.27 2.27 2.26 2.26 2.26 2.26 2.26 2.26 2.26 2.26 2.26 2.26 2.26 2.26 2.26 2.26 2.26 2.26 2.26 2.26 2.26 2.26 2.27 2.27 2.27 2.27 2.27 2.27 2.28 2.28 2.28 
PBC_rand	2.17 2.17 2.17 2.17 2.18 2.18 2.18 2.18 2.18 2.18 2.18 2.18 2.18 2.18 2.19 2.19 2.19 2.19 2.19 2.20 2.20 2.21 2.21 2.21 2.22 2.22 2.22 2.22 2.23 2.23 2.23 2.24 2.24 2.25 2.26 2.27 2.28 2.29 2.30 2.30 2.31 2.32 2.32 2.33 2.33 2.33 2.34 2.34 2.34 2.34 2.34 2.34 2.34 2.34 2.34 2.33 2.33 2.32 2.32 2.31 2.30 2.29 2.29 2.28 2.27 2.26 2.25 2.25 2.24 2.24 2.23 2.23 2.22 2.22 2.22 2.21 2.21 2.20 2.20 2.19 2.19 2.19 2.19 2.18 2.18 2.18 2.18 2.18 2.18 2.17 2.17 2.17 2.17 2.17 2.17 2.17 2.17 2.17 2.17 2.17 
uCLL_hypo	4.19 4.18 4.17 4.16 4.14 4.13 4.12 4.11 4.09 4.08 4.07 4.06 4.05 4.04 4.04 4.03 4.02 4.01 4.00 4.00 3.99 3.99 3.99 3.98 3.98 3.98 3.98 3.98 3.99 3.99 4.00 4.00 4.01 4.02 4.02 4.03 4.04 4.05 4.06 4.07 4.08 4.09 4.09 4.10 4.11 4.11 4.12 4.12 4.12 4.11 4.11 4.11 4.11 4.11 4.11 4.10 4.10 4.09 4.08 4.07 4.06 4.05 4.04 4.03 4.02 4.01 4.00 3.99 3.99 3.98 3.97 3.97 3.96 3.96 3.96 3.96 3.96 3.96 3.97 3.97 3.97 3.98 3.98 3.99 4.00 4.01 4.02 4.03 4.04 4.05 4.06 4.07 4.08 4.09 4.10 4.11 4.12 4.14 4.15 4.16 
uCLL_rand	4.16 4.16 4.17 4.17 4.17 4.18 4.18 4.19 4.19 4.20 4.20 4.21 4.22 4.23 4.24 4.25 4.26 4.27 4.28 4.30 4.32 4.33 4.35 4.37 4.39 4.41 4.43 4.46 4.48 4.51 4.54 4.56 4.60 4.63 4.66 4.69 4.72 4.75 4.77 4.80 4.82 4.85 4.87 4.89 4.90 4.92 4.93 4.94 4.94 4.95 4.95 4.95 4.94 4.93 4.92 4.91 4.89 4.87 4.85 4.83 4.81 4.78 4.75 4.72 4.69 4.66 4.63 4.60 4.57 4.54 4.51 4.49 4.46 4.43 4.41 4.39 4.37 4.35 4.33 4.31 4.29 4.28 4.27 4.25 4.24 4.23 4.22 4.21 4.20 4.19 4.19 4.18 4.18 4.17 4.17 4.16 4.16 4.16 4.16 4.15 
