baseMean	log2FoldChange	lfcSE	stat	pvalue	padj
ENSG00000001626	7.97156892264673	-20.8496721608929	4.45440129179142	-4.68069012985307	2.85910812725972e-06	0.000299904459957528
ENSG00000004468	12568.2146926711	-2.429247937975	0.628563001737539	-3.86476444089109	0.000111196461001426	0.00745192791028604
ENSG00000005421	9.9956347306642	-18.637297399862	2.63398112569686	-7.07571410365792	1.4868110984432e-12	3.34790211073451e-10
ENSG00000006453	684.346680152738	-4.88356155440332	0.949301685544186	-5.14437257277577	2.68416370537898e-07	3.42476192567299e-05
ENSG00000018408	129.320940070079	-2.69223585218863	0.521146128779335	-5.16599031157455	2.39169179864416e-07	3.10699162273097e-05
ENSG00000047597	57.8452935512992	-3.58594375266693	0.809716894596914	-4.42863891885578	9.48296302330465e-06	0.000889712664097605
ENSG00000050327	238.406095605219	-3.99389459728151	0.992106731757116	-4.02567029275968	5.68132472764974e-05	0.00424540761064376
ENSG00000060982	5700.18424332283	-2.70542262594219	0.619926966622621	-4.36409895294829	1.27647791519374e-05	0.00115898704471999
ENSG00000073737	884.344759197537	-4.26558381387427	0.960314698419607	-4.44186038274136	8.91844233900097e-06	0.000846149742814878
ENSG00000075240	3925.9933837566	-1.54519169689314	0.402916763578171	-3.83501466449498	0.000125556803074524	0.00825059646039906
ENSG00000075643	27.0787304535325	-3.94922395043023	0.69989474166633	-5.64259697255018	1.67504134986294e-08	2.54847732580948e-06
ENSG00000075651	739.230748488082	-4.63911044591943	0.860938486826078	-5.38843426900555	7.10741474513722e-08	9.75853822893312e-06
ENSG00000079112	16.2272405786389	-7.23022736105093	1.73289881050118	-4.1723309619907	3.01499264024974e-05	0.00250823624179988
ENSG00000079931	260.515400117496	-3.9482567116297	0.808886501124868	-4.88110100259938	1.0549518968583e-06	0.000123722414125992
ENSG00000085741	12.1129946847849	-4.54710929876017	0.98813880807179	-4.60169083697178	4.19074938408828e-06	0.000421270092848112
ENSG00000091879	157.46555014284	-6.84429381708493	1.06303830913131	-6.43842630909317	1.20718544237448e-10	2.29066828660902e-08
ENSG00000100285	90.9746219783811	-4.20833899493405	1.03818372684256	-4.05355900514155	5.04442689527276e-05	0.00385476386458671
ENSG00000100311	60.1265180660272	-4.96274364354868	0.989898061008656	-5.01338858921685	5.34797382805905e-07	6.45118442916151e-05
ENSG00000100422	7519.81044085385	-1.15089563762482	0.284523011174597	-4.045000201824	5.23230790454587e-05	0.00398032504017885
ENSG00000104059	56.3432757388226	-7.06700844475907	1.04682494995571	-6.7508979844797	1.46932888240222e-11	2.91929719600103e-09
ENSG00000104321	10.239211005377	-16.962329088244	2.37594325228856	-7.139197904624	9.38770927827864e-13	2.18163308247226e-10
ENSG00000105427	47.7074007626764	-4.62424493256607	0.782714179969456	-5.9079611062451	3.46367764771186e-09	5.73476354064293e-07
ENSG00000105492	1058.68590239117	-2.7549910553315	0.699582785108489	-3.93804866839922	8.21469351312303e-05	0.00587837898515346
ENSG00000106484	5841.43064112889	-1.93380580695197	0.43944208003758	-4.40059314935563	1.07955371738445e-05	0.000996257004327246
ENSG00000110077	978.699244667057	-3.90549734374666	0.9777113966783	-3.99452983468873	6.48227588838914e-05	0.00478046616607493
ENSG00000111145	5852.84086364834	-1.751776192954	0.451546658892866	-3.87950205909868	0.000104670515191333	0.00709909903835833
ENSG00000112499	8.30571472962663	-19.9892807122446	4.84991687176621	-4.12157182087227	3.76296117348829e-05	0.00299758907065426
ENSG00000112761	30.3133561550083	-7.95481432242086	1.70813637970308	-4.65701358330861	3.20829284807039e-06	0.000330375912306175
ENSG00000114529	286.933579784698	-2.95534620312151	0.770362304271849	-3.83630687370525	0.00012489832797189	0.00823938657339562
ENSG00000116745	2.53647761446623	-23.0303827132482	3.02963496345723	-7.60170218228779	2.92260712359117e-14	7.59338293895503e-12
ENSG00000118785	581.716419457977	-9.77315968881326	1.47993025387666	-6.60379748519404	4.00756898757925e-11	7.77929023703889e-09
ENSG00000124212	9.30904160264478	-7.34121778262597	1.77057603910364	-4.14623129450146	3.37992408316387e-05	0.00275749555152036
ENSG00000126947	639.40217445653	-3.00220045324892	0.542096706146186	-5.5381270891532	3.05723385890981e-08	4.41286883839905e-06
ENSG00000128268	2591.27485912616	-3.55837158544385	0.652854131847158	-5.45048489679608	5.02326688783107e-08	7.12881774804127e-06
ENSG00000128791	1942.92481071251	-1.71099584496703	0.35770810601282	-4.78321798194225	1.72510868924214e-06	0.000190415918587721
ENSG00000130147	279.768898645177	-6.13665454771257	0.958561043794771	-6.40194444311929	1.53410494110155e-10	2.8160830701438e-08
ENSG00000130208	21.7324107398829	-2.68720340081768	0.647937186702941	-4.14732084523755	3.36388506371186e-05	0.00275749555152036
ENSG00000130529	210.278103641507	-3.41947206256261	0.899723879740558	-3.80057942170952	0.00014435813928003	0.00934069063663277
ENSG00000131142	68.4299980927405	-21.1403031477297	1.35737610535838	-15.5743887521493	1.08687035886678e-54	1.41192820158017e-51
ENSG00000132854	10.9626363784035	-17.721586076756	1.90215118862638	-9.31660226732733	1.20125533039966e-20	6.14751515751198e-18
ENSG00000133026	1221.34055754438	-4.66701442318708	0.679051222400431	-6.87284591976625	6.29335315519203e-12	1.29612375713272e-09
ENSG00000133104	2177.70090293145	-4.25393735904593	0.73989254849738	-5.74939883863555	8.95613203407455e-09	1.387625300839e-06
ENSG00000133401	371.953448768819	-3.99020047065599	0.903703265226381	-4.4153879090571	1.00829016680128e-05	0.000935604633897807
ENSG00000133742	48.371408089608	-5.30262070684424	1.18328610723729	-4.48126676584135	7.42012932843934e-06	0.000716063680563906
ENSG00000134042	63.9764129832828	-4.21734257682183	1.01536165558471	-4.15353736634185	3.27374724656056e-05	0.00269692895121536
ENSG00000134202	526.881486178703	-3.07921585463323	0.754074316006444	-4.08343818277842	4.43742374003549e-05	0.00345341991344329
ENSG00000135678	2262.64828631134	-2.28344266979033	0.527351003987363	-4.33002431497228	1.49092878444448e-05	0.00132597923918538
ENSG00000135919	631.035576645353	-3.10110200052848	0.683076623988727	-4.53990356516674	5.62799628092676e-06	0.000552590704606344
ENSG00000137266	250.222386106294	-5.16077572469174	0.748531742464659	-6.89453156348328	5.40425860541307e-12	1.1267545596076e-09
ENSG00000137571	773.583681472673	-3.76645408147655	0.959154858389428	-3.92684669063869	8.60668013410199e-05	0.00609118414706156
ENSG00000137726	884.620516881577	-3.12365099629645	0.768623015590359	-4.06395714535982	4.82476879929196e-05	0.00370366797647467
ENSG00000137877	261.946187941513	-1.50710928169184	0.322569723217605	-4.67219696460831	2.97994984290066e-06	0.00030874474200556
ENSG00000138379	28.3813700560317	-1.64805718914216	0.430949027227052	-3.82425086267536	0.000131170307319403	0.00852001596157725
ENSG00000138792	15.3105103177229	-18.4104887877282	1.45729639036791	-12.6333180466331	1.38320262443931e-36	1.29775144008506e-33
ENSG00000138892	40.8200384945808	-39.8374241834074	1.29540062979324	-30.7529757722643	1.11574475476619e-207	1.88426974184915e-203
ENSG00000140948	543.395544746224	-5.14067680832477	0.820322552341508	-6.26665303014205	3.68890852214777e-10	6.55771443389806e-08
ENSG00000143126	427.432226205889	-3.75577179190791	0.553679137252635	-6.78330018093893	1.17461218329989e-11	2.36152982756769e-09
ENSG00000143344	99.6538016319201	-2.16111199416866	0.476002307153416	-4.5401292424243	5.62197562982849e-06	0.000552590704606344
ENSG00000143552	153.476113007585	-5.43171060630277	0.770607909460613	-7.04860479579647	1.80720620464534e-12	4.01580241895402e-10
ENSG00000144481	8.26533010094956	-24.1104598740679	2.82545958774309	-8.53328781578035	1.42246219567827e-17	5.11117905544991e-15
ENSG00000144642	529.977216186341	-10.0308416787306	1.11553148920309	-8.99198433734616	2.42806326018098e-19	1.03114530910175e-16
ENSG00000145248	10.1312169930287	-2.3096775425791	0.559851591418822	-4.12551750853422	3.69902038699163e-05	0.00296061878177795
ENSG00000145692	6.80717105421999	-19.6355718001876	4.1428261797727	-4.7396562028255	2.14081145606119e-06	0.000233251766902977
ENSG00000147485	403.887795098251	-3.17061895695352	0.59915100451059	-5.29185286027085	1.21083295659977e-07	1.60955008267371e-05
ENSG00000148600	271.849074587664	-3.36500204308756	0.776941089906566	-4.33109033207683	1.48372792088282e-05	0.00132597923918538
ENSG00000151090	399.111983404838	-6.81514921103785	0.992172428896297	-6.86891614053325	6.46915187114954e-12	1.31627755180691e-09
ENSG00000151812	6.76100479951287	-21.5126004766369	4.65852688878362	-4.61789767242366	3.87647313453207e-06	0.000392011247281303
ENSG00000151967	478.023420837744	-6.0962622420057	1.13495651524023	-5.37136195100421	7.81441795112866e-08	1.06427330934404e-05
ENSG00000152910	30.0562476147043	-17.7012742239339	1.57523052795691	-11.2372595056881	2.6755970903346e-29	2.25927418307854e-26
ENSG00000154319	1074.34299864527	-2.63497838173285	0.60548265069278	-4.35186438243601	1.34984752449872e-05	0.00121904946490558
ENSG00000154380	370.0896126245	-6.74339262545474	1.0521146282538	-6.4093706563578	1.46121553463328e-10	2.74188977209853e-08
ENSG00000154447	1992.60801366837	-3.52057526648188	0.853295692597755	-4.12585613290033	3.69358122791709e-05	0.00296061878177795
ENSG00000154864	75.7334063283664	-5.89845135129364	1.22722920022996	-4.80631600860572	1.53736833857292e-06	0.000173087176678797
ENSG00000157227	472.745617691756	-1.5370662609508	0.365270679015546	-4.20801983091936	2.57618263036912e-05	0.00218625991264692
ENSG00000157734	14384.3302212122	-2.96670235286197	0.531031675306267	-5.5866768232817	2.31455869517716e-08	3.39897976036103e-06
ENSG00000158528	957.802678755461	-4.15064847549088	1.0445419310636	-3.97365424216576	7.07782873238361e-05	0.00517447496244564
ENSG00000159208	50.2411467940547	-3.4907707807002	0.721717301575081	-4.83675640459487	1.31974999579536e-06	0.000150594175195892
ENSG00000159640	232.880867498666	-5.52195550918811	0.888221863847809	-6.21686510312502	5.07185422128386e-10	8.92223688427518e-08
ENSG00000160224	122.135393716943	-7.08060326331906	0.955680790459583	-7.40896263062274	1.2729116458651e-13	3.2084972948313e-11
ENSG00000162104	316.477512555049	-3.14989909030235	0.784834919926621	-4.013454307814	5.98365896357309e-05	0.00445163139104944
ENSG00000162188	57.7514861868038	-3.66914831897681	0.760727351730416	-4.82321072146368	1.41265590064558e-06	0.000160113643289279
ENSG00000162512	208.311803989713	-4.12243831443744	0.670335105807173	-6.1498171268734	7.75723356435674e-10	1.35055835499852e-07
ENSG00000162849	87.5607596476411	-4.26417038068744	1.0988309525678	-3.88064276012858	0.000104180771572485	0.00709437447708118
ENSG00000163520	573.428475125502	-5.94643576683697	1.11582125110956	-5.32920103549195	9.86457570895448e-08	1.33274363658259e-05
ENSG00000163600	352.117166192538	-3.97433195310913	0.977205601717128	-4.06703762864796	4.76145570006271e-05	0.00367175634076069
ENSG00000163879	21.5255982265926	-3.87549331009616	0.948341779892806	-4.08659978107705	4.37741271505625e-05	0.00342248823758657
ENSG00000164197	28.7921822507548	-8.38924243859307	1.65321803295394	-5.07449245735805	3.88531642264675e-07	4.78943239019404e-05
ENSG00000165197	26.1641014818812	-19.4449276953266	1.76770039657797	-11.0001263409622	3.81596899430039e-28	2.92927656253386e-25
ENSG00000165949	66.1671175937414	-2.76233422538534	0.71827598940711	-3.84578388547482	0.000120167644717549	0.00797911787104866
ENSG00000167549	250.123885549499	-2.27206082147268	0.514306213575821	-4.41771995262453	9.97475438415362e-06	0.000930683160439703
ENSG00000167601	338.281027558506	-8.71808834306063	1.50473341256206	-5.79377600728398	6.88212338885354e-09	1.08621775505569e-06
ENSG00000167641	71.8110682853456	-4.6783160497088	1.16014405119319	-4.03253030940186	5.51794955442423e-05	0.00416013982478198
ENSG00000167749	13.8368225974904	-4.8137980182601	1.23290862723446	-3.90442398724872	9.44500715885751e-05	0.00656408563369488
ENSG00000168672	595.771830802613	-3.22280957530037	0.736224036962705	-4.37748485990228	1.20056697918513e-05	0.00109595541321506
ENSG00000168994	368.608417202732	-3.49413858173302	0.882726962255404	-3.95834582055288	7.54706335929951e-05	0.00549374163844181
ENSG00000169116	2346.99716730741	-4.76875931471819	0.927148829802828	-5.14346689703781	2.69714197130808e-07	3.42476192567299e-05
ENSG00000169213	74.5662547439262	-8.19083113766191	1.14740417432619	-7.1385753345999	9.43031827454258e-13	2.18163308247226e-10
ENSG00000169427	198.144666597992	-5.91609132362777	0.763882064354356	-7.74477056039813	9.57545939250767e-15	2.74085352916389e-12
ENSG00000169507	511.870719038901	-6.21382109625952	1.3209468708157	-4.70406587391545	2.5503090168052e-06	0.000274328781374562
ENSG00000171956	38.2844678432084	-17.9226320797614	1.89535475581678	-9.45608310252077	3.1969483585926e-21	1.68718949624725e-18
ENSG00000171992	1310.01084859344	-4.28914792241427	0.770499960684198	-5.56670751625418	2.59597585382776e-08	3.77938277753821e-06
ENSG00000173124	5.81596182720231	-17.7503125088104	3.36856251170339	-5.26940273399721	1.36868372576741e-07	1.79180858610543e-05
ENSG00000173585	112.779257764453	-3.6908708886808	0.956374050444064	-3.85923361990745	0.000113743164230038	0.00759246860678607
ENSG00000173801	6278.70670170202	-4.12473868057382	0.732231341964588	-5.63310861497281	1.76989909381282e-08	2.66875499074204e-06
ENSG00000175906	216.09288549849	-2.51398353015832	0.532448040459152	-4.72155654472953	2.34046542568552e-06	0.000253370385313956
ENSG00000176381	8.06674145885035	-4.18588045352174	0.860885031000719	-4.86229903272444	1.16030158173049e-06	0.000135139124912169
ENSG00000176406	133.815801820609	-8.21996162533993	1.38683857709266	-5.92712213311236	3.08289689312155e-09	5.15484779515215e-07
ENSG00000176834	988.393873425855	-1.59180617838447	0.407155531873607	-3.90957767676509	9.24576219990253e-05	0.00646849351934718
ENSG00000179546	6.8675720990227	-30.3219118168285	3.10881632093523	-9.75352310544571	1.78175128911034e-22	1.00300719234985e-19
ENSG00000180658	9.84995028499952	-4.39296906128282	1.12724005858528	-3.8971016225205	9.73507765024629e-05	0.00673795046546554
ENSG00000181458	194.743238572955	-8.19631267161128	1.09324888191039	-7.49720654393783	6.51922121472532e-14	1.66813042233759e-11
ENSG00000182013	100.803616114745	-6.22783454516198	1.58030404623705	-3.94090906746169	8.11733956040305e-05	0.00583343108493986
ENSG00000182195	389.675445949065	-8.13539256317891	0.939806796298492	-8.65645215082593	4.86675217077364e-18	1.78673284043533e-15
ENSG00000182389	259.895671108435	-2.73034861782349	0.649587233140916	-4.20320547961138	2.63161494042917e-05	0.00222213565569839
ENSG00000183570	137.535919066825	-3.52945801453472	0.897844809308164	-3.93103349035826	8.45814876268938e-05	0.00602705554026575
ENSG00000183722	350.435299670811	-3.68550850814573	0.896897612837171	-4.10917417483953	3.97076517436608e-05	0.00311898987277648
ENSG00000184005	337.067971747508	-3.74092730883184	0.927950214460169	-4.03138794575106	5.54484312463737e-05	0.00416183603061671
ENSG00000184156	46.8771956293951	-7.36915997787926	1.15075422073428	-6.40376532634144	1.51591058510968e-10	2.81326351223431e-08
ENSG00000184371	324.08785586249	-4.04097650771652	0.850387199276864	-4.75192537135179	2.01488745129343e-06	0.000220957268035347
ENSG00000185442	327.883710935415	-3.24975089853974	0.581682125806544	-5.58681581290422	2.31270780593033e-08	3.39897976036103e-06
ENSG00000185818	19.5212803089821	-5.02571236538637	0.981279416408409	-5.12159154808427	3.02967587297697e-07	3.79001230687668e-05
ENSG00000186439	9.97897913030493	-20.2526906403838	4.7835723808435	-4.23380039601545	2.29774904204526e-05	0.00196976577776956
ENSG00000186522	298.115178250988	-8.15256456531784	0.997093244866571	-8.17633115788364	2.92617076583928e-16	8.82449498098102e-14
ENSG00000188729	4.36483488395883	-16.58525113632	2.02609796433448	-8.18580909130316	2.70480220634209e-16	8.30521812012822e-14
ENSG00000196277	36.1027063532379	-15.7182699153008	3.34927235568663	-4.69304023263834	2.69174527545242e-06	0.000287710089948357
ENSG00000196431	21.7841647861348	-4.47551160470236	0.873409795766577	-5.12418297389747	2.98830683820025e-07	3.76615864802431e-05
ENSG00000196620	148.11707086406	-5.01501573632783	1.07309713729374	-4.67340333138461	2.96249175492598e-06	0.00030874474200556
ENSG00000196664	2754.47757917714	-1.01934903215917	0.259704875627014	-3.9250284758733	8.67194789882238e-05	0.00610216067147135
ENSG00000196975	3197.16383904099	-2.42187693176696	0.605552595456791	-3.9994493458327	6.34900344410868e-05	0.00470271798965384
ENSG00000197635	375.159137719017	-3.82117305375601	0.928534662993347	-4.11527238136439	3.86722462300915e-05	0.00305185464641956
ENSG00000197888	536.16961543804	-5.18899986388979	1.08145570280843	-4.79816219047574	1.60128093277092e-06	0.000179088956242618
ENSG00000197935	23.7029521307635	-18.2730853079675	1.69452607138212	-10.7835964383028	4.11476591319159e-27	2.77960666967918e-24
ENSG00000198028	36.4852447620509	-6.60490243322343	1.14216997962673	-5.78276662058829	7.34819741480432e-09	1.14904035130755e-06
ENSG00000198046	964.622573229023	-7.74634028284783	0.93076345250088	-8.32256602043632	8.60791479477173e-17	2.85040127557069e-14
ENSG00000198142	105.581829726794	-6.49613606205799	0.91801060739168	-7.07631917295084	1.48033697977508e-12	3.34790211073451e-10
ENSG00000198185	117.168100561122	-4.04440452226696	0.91046426222742	-4.44213429352236	8.90709371792453e-06	0.000846149742814878
ENSG00000198846	5003.87350046393	-5.36968350310054	0.699453424821241	-7.67697077825141	1.62894570594099e-14	4.50977624293957e-12
ENSG00000204449	6.29253640597048	-20.6735364673244	3.68540352469527	-5.6095720126153	2.02827586370105e-08	3.03128520231712e-06
ENSG00000213214	75.6062160757065	-3.82681833826511	0.756536041749181	-5.05834240152941	4.22916558941105e-07	5.17551800536042e-05
ENSG00000214787	107.880673381105	-3.83473218689959	0.926793037488822	-4.13763594652149	3.50902545319823e-05	0.0028490587429621
ENSG00000238269	81.2860828650101	-4.40646507852162	0.635866481648821	-6.92985902810213	4.2126019597657e-12	8.89280273706538e-10
ENSG00000239713	9131.43328470561	-1.00422384482723	0.262378987653811	-3.82737906646788	0.000129514980626925	0.00847770927452524
ENSG00000242715	207.947589211001	-4.41317683893878	1.05034618362747	-4.2016402855842	2.64987957341503e-05	0.00222642618088722
ENSG00000243896	17.9892678973211	-3.72020298985492	0.96750622077584	-3.84514632564502	0.000120480522093641	0.00797911787104866
ENSG00000250588	374.699855321317	-6.12365940245358	1.03196727780907	-5.93396664228976	2.95701934823512e-09	4.99381427529947e-07
ENSG00000260220	140.982335042139	-4.57206082652612	0.976333375912012	-4.68288900013817	2.82859703262671e-06	0.000299904459957528
ENSG00000264813	122.922627127765	-5.52127283256749	0.946459276459896	-5.83360844982055	5.42413237969715e-09	8.72407120269766e-07
ENSG00000273079	50.6066993914149	-5.86238458986616	1.0020635838947	-5.85031198028466	4.90651821758507e-09	7.96743073640161e-07
ENSG00000279096	30.2230423593521	-18.736011844119	4.84730402060881	-3.86524380654916	0.000110978285605926	0.00745192791028604
